0,273
0,270
10,226
10,308
10,33
10,91
10,26
10,35
10,93
10,187
11,7
11,8
11,11
9,2
8,4
8,10
8,5
2,2
2,1
2,3
806,5
806,4
806,3
806,2
806,1
806,0
803,5
803,4
803,3
803,2
803,1
803,0
801,5
801,4
801,3
801,2
801,1
801,0
800,4
800,3
800,2
800,1
800,0
799,4
799,3
799,2
799,1
799,0
798,4
798,3
798,2
798,1
798,0
797,3
797,2
797,1
797,0
20,3
20,2
20,1
19,3
19,2
19,1
18,3
18,1
14,3
14,1
13,3
13,1
12,3
12,2
12,1
11,30
11,28
11,23
11,22
11,21
11,20
11,19
11,18
11,17
11,16
11,14
11,13
11,12
11,10
11,6
11,5
11,4
11,3
11,2
11,1
10,314
10,304
10,301
10,298
10,294
10,279
10,268
10,267
10,265
10,251
10,242
10,227
10,221
10,218
10,210
10,203
10,197
10,190
10,168
10,132
10,108
10,74
10,29
10,16
10,3
